"Шоу Трумана" 2023 10 12 21 00
"Зелена миля" 2023 10 13 14 00
"Форрест Гамп" 2023 10 13 19 00
"Темний лицар" 2023 10 14 18 00
"Інтерстеллар" 2023 10 15 17 00
"Престиж" 2023 10 16 15 00
"Ла-Ла Ленд" 2023 10 20 12 00
"Блискавка" 2023 10 20 15 00
"Зоряні війни: Імперія завдає удару назад" 2023 10 21 15 00
"Сповістник" 2023 10 24 16 00
"Список Шиндлера" 2023 10 25 20 00
"Матриця" 2023 10 25 21 00
"Гладіатор" 2023 10 25 19 00
"Люди Iкс: Перший клас" 2023 10 26 15 00
"Месники" 2023 10 27 10 00
"Джентльмени" 2023 10 28 16 00
"Сам вдома" 2023 10 29 18 00
"Загублені у космосі" 2023 10 30 21 00
"Воно" 2023 10 31 20 00
"Титаник" 2023 11 1 19 00
"Реквієм за мрією" 2023 11 2 20 00
"Кримінальне чтиво" 2023 11 3 16 00
"Король Лев" 2023 11 5 17 00
"Ла-Ла Ленд" 2023 11 6 18 00
"Список Шиндлера" 2023 11 7 16 00
"Темний лицар" 2023 11 10 14 00
"Шоу Трумана" 2023 11 14 15 00